15150507728
18951949202
18020129889
13815850580
13913990862
13951899602
13770610716
13645176135
18951799284
15195816515
19951680365
18913000620
13913968278
13851891678
13912944194
13851765155
13913877522
13770648851
13675166559
13585111695
13675152268
13851464380
13914711010
13915914880
13770607831
15151018071
18252009543
13851695138
13776605118
13515127366
13770734766
15951806906
15951773767
13913921596
17312230688
18502525211
13851731792
13905254110
15895950868
5000323222
15051866669
13921486417
18921630987
15295758263
13913883388
13915917453
18852723546
13605171856
5111324
19827001006
13813911292
13951768698
13815880626
15850535822
13851562382
18019638560
13921438811
18362924378
17314459606
13584054379
13905197296
18061277666
13815899996
13913919179
13813993399
13952090833
13913816580
13338605237
17749519097
13813846566
13951635359
13913855366
13951691807
13515128880
18952002018
15951986150
13951962196
15195991708
13770768507
18951009181
13813910052
15050550579
13952001977
13951611117
13851898292
13851507186
13952033197
13915974360
13851568093
13815880673
15851872255
18951022966
13951756900
15905151833
15805166886
15850701666
13851721936
18362093314
18951023817
13770736869
18260028587
13851454617
13851865829
13913006582
13913319070
13809007819
15365165550
13951980908
13913000985
13813360236
13851653840
13905161209
13952035248
15250993768
15951960975
13770830567
18013885299
13805195383
13951796539
18652950355
15335192015
18061685321
13815878881
13952098803
13913399688
13851898258
18951701919
15905196166
13813000802
13951739220
13505175121
13951665839
13851899496
13952091081
15005158203
18952090920
13813899066
13912996566
13951622800
13913999911
13951715192
18951998069
13182800099
15805158800
13951748283
13951776605
13002566333
13952035419
13951902012
13851921797
13951994476
13505166659
13851936665
13951966019
13851648717
13951805085
13815881666
13951636781
13951879012
13813882259
13851934670
13505198128
13851850577
13951002067
13905199911
15380815687
13851884168
13512518866
18951625182
15850567296
18061687524
13912986109
13605152988
13851919578
13851709619
13851627259
13952037902
13770317023
15805194012
13814532101
15951825566
13814011881
18051008850
13851639280
13770709292
15952040557
18051008778
18051008882
13451854088
13611501462
13951652277
13705175831
13915991790
15151889518
13851806800
13705168985